function [projectionMatrices] = loadProjectionMatrices()
    P0 = [1.134783 1.069317 0.046803 347.735102;
         -0.447199 0.330630 1.035582 -3.804233;
         0.000382 -0.000339 0.000072 1.000000];

    P1 = [1.303228 0.856019 0.046803 347.735102;
         -0.382992 0.403262 1.035582 -3.804233;
         0.000318 -0.000400 0.000072 1.000000];

    P2 = [1.432075 0.616711 0.046803 347.735102;
         -0.307148 0.463642 1.035582 -3.804233;
         0.000243 -0.000449 0.000072 1.000000];

    P3 = [1.517410 0.358664 0.046803 347.735102;
         -0.221971 0.509934 1.035582 -3.804233;
         0.000162 -0.000484 0.000072 1.000000];

    P4 = [1.556638 0.089720 0.046803 347.735102;
         -0.130050 0.540731 1.035582 -3.804233;
         0.000075 -0.000505 0.000072 1.000000];

    P5 = [1.548569 -0.181950 0.046803 347.735102;
         -0.034177 0.555099 1.035582 -3.804233;
         -0.000014 -0.000511 0.000072 1.000000];

    P6 = [1.493447 -0.448092 0.046803 347.735102;
         0.062734 0.552601 1.035582 -3.804233;
         -0.000102 -0.000500 0.000072 1.000000];

    P7 = [1.392948 -0.700619 0.046803 347.735102;
         0.157739 0.533312 1.035582 -3.804233
         -0.000187 -0.000475 0.000072 1.000000];

    P8 = [1.250125 -0.931858 0.046803 347.735102;
         0.247952 0.497819 1.035582 -3.804233;
         -0.000267 -0.000435 0.000072 1.000000];

    P9 = [1.069317 -1.134783 0.046803 347.735102;
         0.330630 0.447199 1.035582 -3.804233;
         -0.000339 -0.000382 0.000072 1.000000];

    P10 = [0.856019 -1.303228 0.046803 347.735102;
          0.403262 0.382992 1.035582 -3.804233;
          -0.000400 -0.000318 0.000072 1.000000];

    P11 = [0.616711 -1.432075 0.046803 347.735102;
          0.463642 0.307148 1.035582 -3.804233;
          -0.000449 -0.000243 0.000072 1.000000];

    P12 = [0.358664 -1.517410 0.046803 347.735102;
          0.509934 0.221971 1.035582 -3.804233;
          -0.000484 -0.000162 0.000072 1.000000];

    P13 = [0.089720 -1.556638 0.046803 347.735102;
          0.540731 0.130050 1.035582 -3.804233;
          -0.000505 -0.000075 0.000072 1.000000];

    P14 = [-0.181950 -1.548569 0.046803 347.735102;
          0.555099 0.034177 1.035582 -3.804233;
          -0.000511 0.000014 0.000072 1.000000];

    P15 = [-0.448092 -1.493447 0.046803 347.735102;
          0.552601 -0.062734 1.035582 -3.804233;
          -0.000500 0.000102 0.000072 1.000000];

    P16 = [-0.700619 -1.392948 0.046803 347.735102;
          0.533312 -0.157739 1.035582 -3.804233;
          -0.000475 0.000187 0.000072 1.000000];

    P17 = [-0.931858 -1.250125 0.046803 347.735102;
          0.497819 -0.247952 1.035582 -3.804233;
          -0.000435 0.000267 0.000072 1.000000];

    P18 = [-1.134783 -1.069317 0.046803 347.735102;
          0.447199 -0.330630 1.035582 -3.804233;
          -0.000382 0.000339 0.000072 1.000000];

    P19 = [-1.303228 -0.856019 0.046803 347.735102;
          0.382992 -0.403262 1.035582 -3.804233;
          -0.000318 0.000400 0.000072 1.000000];

    P20 = [-1.432075 -0.616711 0.046803 347.735102;
          0.307148 -0.463642 1.035582 -3.804233;
          -0.000243 0.000449 0.000072 1.000000];

    P21 = [-1.517410 -0.358664 0.046803 347.735102;
          0.221971 -0.509934 1.035582 -3.804233;
          -0.000162 0.000484 0.000072 1.000000];

    P22 = [-1.556638 -0.089720 0.046803 347.735102;
          0.130050 -0.540731 1.035582 -3.804233;
          -0.000075 0.000505 0.000072 1.000000];

    P23 = [-1.548569 0.181950 0.046803 347.735102;
          0.034177 -0.555099 1.035582 -3.804233;
          0.000014 0.000511 0.000072 1.000000];

    P24 = [-1.493447 0.448092 0.046803 347.735102;
          -0.062734 -0.552601 1.035582 -3.804233;
          0.000102 0.000500 0.000072 1.000000];

    P25 = [-1.392948 0.700619 0.046803 347.735102;
          -0.157739 -0.533312 1.035582 -3.804233;
          0.000187 0.000475 0.000072 1.000000];

    P26 = [-1.250125 0.931858 0.046803 347.735102;
          -0.247952 -0.497819 1.035582 -3.804233;
          0.000267 0.000435 0.000072 1.000000];

    P27 = [-1.069317 1.134783 0.046803 347.735102;
          -0.330630 -0.447199 1.035582 -3.804233;
          0.000339 0.000382 0.000072 1.000000];

    P28 = [-0.856019 1.303228 0.046803 347.735102;
          -0.403262 -0.382992 1.035582 -3.804233;
          0.000400 0.000318 0.000072 1.000000];

    P29 = [-0.616711 1.432075 0.046803 347.735102;
          -0.463642 -0.307148 1.035582 -3.804233;
          0.000449 0.000243 0.000072 1.000000];

    P30 = [-0.358664 1.517410 0.046803 347.735102;
          -0.509934 -0.221971 1.035582 -3.804233;
          0.000484 0.000162 0.000072 1.000000];

    P31 = [-0.089720 1.556638 0.046803 347.735102;
          -0.540731 -0.130050 1.035582 -3.804233;
          0.000505 0.000075 0.000072 1.000000];

    P32 = [0.181950 1.548569 0.046803 347.735102;
          -0.555099 -0.034177 1.035582 -3.804233;
          0.000511 -0.000014 0.000072 1.000000];

    P33 = [0.448092 1.493447 0.046803 347.735102;
          -0.552601 0.062734 1.035582 -3.804233;
          0.000500 -0.000102 0.000072 1.000000];

    P34 = [0.700619 1.392948 0.046803 347.735102;
          -0.533312 0.157739 1.035582 -3.804233;
          0.000475 -0.000187 0.000072 1.000000];

    P35 = [0.931858 1.250125 0.046803 347.735102;
          -0.497819 0.247952 1.035582 -3.804233;
          0.000435 -0.000267 0.000072 1.000000];

    projectionMatrices = cat(3, P0,  P1,  P2,  P3,  P4,  P5,  ... 
                                P6,  P7,  P8,  P9,  P10, P11, ...
                                P12, P13, P14, P15, P16, P17, ...
                                P18, P19, P20, P21, P22, P23, ...
                                P24, P25, P26, P27, P28, P29, ...
                                P30, P31, P32, P33, P34, P35);

end                    